0,0,1,,
0,5,1,,
0,4,0,,
0,5,0,,
0,3,1,,
0,0,1,,
0,5,1,,
0,0,1,,
0,3,1,,
0,0,1,,
0,2,1,,
0,5,1,,
1,0,1,,
1,3,1,,
1,5,1,,
1,0,1,,
1,5,1,,
1,0,1,,
1,4,1,,
1,5,1,,
1,2,1,,
1,5,1,,
2,5,1,,
2,0,1,,
2,5,1,,
2,1,1,,
2,5,1,,
2,0,1,,
2,1,1,,
2,2,1,,
2,5,1,,
2,4,1,,
2,5,1,,
2,2,1,,
2,5,1,,
2,3,1,,
2,1,1,,
2,0,1,,
2,5,1,,
2,2,1,,
2,4,1,,
2,5,1,,
3,2,1,,
3,0,1,,
3,5,1,,
3,2,1,,
3,0,1,,
3,3,1,,
3,5,1,,
3,1,1,,
3,2,1,,
3,0,1,,
3,3,1,,
3,5,1,,
3,2,1,,
3,3,1,,
3,4,1,,
3,5,1,,
3,2,1,,
3,0,1,,
3,5,1,,
3,2,1,,
4,3,1,,
4,0,1,,
4,5,1,,
4,2,1,,
4,5,1,,
4,1,1,,
4,0,1,,
4,1,1,,
4,4,1,,
4,5,1,,
4,2,1,,
4,3,1,,
4,5,1,,
4,3,1,,
4,0,1,,
4,2,1,,
4,3,1,,
4,5,1,,
4,3,1,,
4,2,1,,
5,5,1,,
5,2,1,,
5,3,1,,
5,0,1,,
5,1,1,,
5,5,1,,
5,2,1,,
5,1,1,,
5,0,1,,
5,5,1,,
5,3,1,,
5,2,1,,
5,0,1,,
5,1,1,,
5,3,1,,
5,2,1,,
5,4,1,,
5,5,1,,
5,2,1,,
5,1,1,,
5,0,1,,
5,5,1,,
5,2,1,,
5,1,1,,
5,0,1,,
5,3,1,,
5,4,1,,
5,5,1,,
5,0,1,,
5,5,1,,
6,3,1,,
6,5,1,,
6,2,1,,
6,0,1,,
6,1,1,,
6,4,1,,
6,5,1,,
6,2,1,,
6,1,1,,
6,0,1,,
6,1,1,,
6,3,1,,
6,5,1,,
6,3,1,,
6,2,1,,
6,1,1,,
6,0,1,,
6,4,1,,
6,5,1,,
6,0,1,,
6,2,1,,
6,5,1,,
6,3,1,,
6,0,1,,
6,1,1,,
6,2,1,,
6,3,1,,
6,4,1,,
6,5,1,,
6,2,1,,
7,3,1,,
7,0,1,,
7,1,1,,
7,5,1,,
7,4,1,,
7,3,1,,
7,4,1,,
7,5,1,,
7,3,1,,
7,2,1,,
7,0,1,,
7,1,1,,
7,3,1,,
7,5,1,,
7,3,1,,
7,0,1,,
7,5,1,,
7,3,1,,
7,2,1,,
7,5,1,,
7,3,1,,
7,4,1,,
7,5,1,,
7,3,1,,
7,4,1,,
7,1,1,,
7,2,1,,
7,5,1,,
7,0,1,,
7,5,1,,
8,0,1,,
8,5,1,,
8,2,1,,
8,5,1,,
8,0,1,,
8,5,1,,
8,3,1,,
8,4,1,,
8,3,1,,
8,0,1,,
8,5,1,,
8,0,1,,
8,5,1,,
8,2,1,,
8,3,1,,
8,0,1,,
8,5,1,,
8,4,1,,
8,5,0,,
8,0,1,,
8,5,1,,
8,3,1,,
8,5,1,,
8,3,1,,
8,0,1,,
8,3,1,,
8,5,1,,
9,5,1,,
9,1,1,,
9,5,1,,
9,3,1,,
9,2,1,,
9,0,1,,
9,5,1,,
9,4,1,,
9,5,1,,
9,3,1,,
9,4,1,,
9,5,1,,
9,0,1,,
9,5,1,,
9,2,1,,
9,5,1,,
9,0,1,,
9,5,1,,
9,2,1,,
9,5,1,,
9,0,1,,
9,5,1,,
9,4,1,,
9,5,1,,
9,2,1,,
9,5,1,,
9,1,1,,
9,0,1,,
9,1,1,,
9,5,1,,
9,2,1,,
9,0,1,,
9,1,1,,
9,0,1,,
9,5,1,,
9,4,1,,
9,5,1,,
9,2,1,,
9,5,1,,
9,2,1,,
10,5,1,,
10,2,1,,
10,3,1,,
10,1,1,,
10,0,1,,
10,5,1,,
10,2,1,,
10,0,1,,
10,1,1,,
10,5,1,,
10,2,1,,
10,0,1,,
10,5,1,,
10,3,1,,
10,1,1,,
10,0,1,,
10,5,1,,
10,2,1,,
10,3,1,,
10,5,1,,
10,3,1,,
10,5,1,,
10,4,1,,
10,5,1,,
10,2,1,,
10,5,1,,
10,2,1,,
10,1,1,,
10,0,1,,
10,5,1,,
10,3,1,,
10,2,1,,
10,5,1,,
10,2,1,,
10,0,1,,
10,1,1,,
10,5,1,,
10,2,1,,
10,5,1,,
10,1,1,,
11,2,1,,
11,5,1,,
11,2,1,,
11,4,1,,
11,5,1,,
11,2,1,,
11,5,1,,
11,2,1,,
11,0,1,,
11,2,1,,
11,5,1,,
11,3,1,,
11,1,1,,
11,0,1,,
11,5,1,,
11,3,1,,
11,5,1,,
11,3,1,,
11,2,1,,
11,0,1,,
11,5,1,,
11,2,1,,
11,5,1,,
11,3,1,,
11,5,1,,
11,4,0,,
11,2,1,,
11,5,1,,
11,0,1,,
11,5,1,,
11,3,1,,
11,2,1,,
11,1,1,,
11,0,1,,
11,1,1,,
11,5,1,,
11,3,1,,
11,5,1,,
11,4,0,,
11,1,1,,
11,5,1,,
11,2,1,,
12,5,1,,
12,0,1,,
12,5,1,,
12,2,1,,
12,5,1,,
12,2,1,,
12,0,1,,
12,5,1,,
12,4,0,,
12,5,0,,
12,3,1,,
12,0,1,,
12,5,1,,
12,2,1,,
12,1,1,,
12,0,1,,
12,5,1,,
12,2,1,,
12,5,1,,
12,4,0,,
12,5,0,,
12,2,1,,
12,5,1,,
12,2,1,,
12,0,1,,
12,1,1,,
12,0,1,,
12,5,1,,
12,3,1,,
12,5,1,,
12,0,1,,
12,5,1,,
12,2,1,,
12,3,1,,
12,0,1,,
12,5,1,,
12,1,1,,
13,5,1,,
13,2,1,,
13,5,1,,
13,2,1,,
13,5,1,,
13,4,1,,
13,0,1,,
13,5,1,,
13,0,1,,
13,5,1,,
13,4,1,,
13,1,1,,
13,4,1,,
13,5,1,,
13,1,1,,
13,0,1,,
13,5,1,,
13,0,1,,
13,2,1,,
13,5,1,,
13,0,1,,
13,5,1,,
13,4,0,,
13,5,0,,
13,2,1,,
13,5,1,,
13,3,1,,
14,3,0,2,1
14,0,0,2,1
14,1,0,2,1
14,0,0,2,1
14,5,0,2,1
14,4,0,2,1
14,5,0,2,1
14,4,0,2,1
14,2,1,2,1
14,1,0,2,1
14,0,0,2,1
14,2,1,2,1
14,5,0,2,1
14,4,0,2,1
14,2,1,2,1
14,0,0,2,1
14,1,0,2,1
14,5,0,2,1
14,3,0,2,1
14,2,1,2,1
14,0,0,2,1
14,5,0,2,1
14,3,0,2,1
14,1,0,2,1
14,0,0,2,1
14,5,0,2,1
14,4,0,2,1
14,0,0,2,1
14,1,0,2,1
14,5,0,2,1
14,4,0,2,1
14,5,0,2,1
14,3,0,2,1
14,1,0,2,1
14,0,0,2,1
14,5,0,2,1
14,0,0,2,1
14,5,0,2,1
14,0,0,2,1
14,3,0,2,1
14,5,0,2,1
14,0,0,2,1
14,5,0,2,1
14,4,0,2,1
14,2,1,2,1
14,3,0,2,1
14,0,0,2,1
14,5,0,2,1
14,4,0,2,1
14,2,1,2,1
14,3,0,2,1
14,2,1,2,1
14,1,1,2,1
14,0,0,2,1
14,1,0,2,1
14,3,0,2,1
14,2,1,2,1
14,1,1,2,1
14,0,0,2,1
14,1,0,2,1
14,0,0,2,1
14,1,0,2,1
14,3,0,2,1
14,4,0,2,1
14,5,0,2,1
14,4,0,2,1
14,2,1,2,1
14,1,1,2,1
14,0,0,2,1
14,1,0,2,1
14,3,0,2,1
14,4,0,2,1
14,2,1,2,1
14,0,0,2,1
15,3,0,2,1
15,5,0,2,1
15,3,0,2,1
15,2,1,2,1
15,3,0,2,1
15,1,0,2,1
15,0,0,2,1
15,4,0,2,1
15,5,0,2,1
15,4,0,2,1
15,2,1,2,1
15,1,0,2,1
15,5,0,2,1
15,4,0,2,1
15,2,1,2,1
15,1,0,2,1
15,0,0,2,1
15,1,0,2,1
15,3,0,2,1
15,2,1,2,1
15,3,0,2,1
15,1,0,2,1
15,0,0,2,1
15,1,0,2,1
15,5,0,2,1
15,4,0,2,1
15,3,0,2,1
15,2,1,2,1
15,3,0,2,1
15,0,0,2,1
15,4,0,2,1
15,5,0,2,1
15,4,0,2,1
15,2,1,2,1
15,1,1,2,1
15,0,0,2,1
15,4,0,2,1
15,2,1,2,1
15,1,0,2,1
15,0,0,2,1
15,3,0,2,1
15,5,0,2,1
15,4,0,2,1
15,3,0,2,1
15,1,0,2,1
15,0,0,2,1
15,3,0,2,1
15,5,0,2,1
15,4,0,2,1
15,2,1,2,1
15,3,0,2,1
15,2,1,2,1
15,1,1,2,1
15,2,1,2,1
15,3,1,2,1
16,3,0,2,1
16,2,1,2,1
16,3,0,2,1
16,2,1,2,1
16,5,0,2,1
16,4,0,2,1
16,3,0,2,1
16,2,1,2,1
16,1,1,2,1
16,0,0,2,1
16,3,0,2,1
16,2,1,2,1
16,1,1,2,1
16,2,1,2,1
16,3,1,2,1
16,2,1,2,1
16,1,1,2,1
16,2,1,2,1
16,1,0,2,1
16,0,0,2,1
16,1,0,2,1
16,3,0,2,1
16,2,1,2,1
16,1,1,2,1
16,0,0,2,1
16,1,0,2,1
16,3,0,2,1
16,4,0,2,1
16,3,0,2,1
16,2,1,2,1
16,1,1,2,1
16,5,0,2,1
16,4,0,2,1
16,2,1,2,1
16,1,0,2,1
17,4,0,2,1
17,5,0,2,1
17,2,1,2,1
17,4,0,2,1
17,1,0,2,1
17,0,0,2,1
17,3,0,2,1
17,4,0,2,1
17,5,0,2,1
17,4,0,2,1
17,3,0,2,1
17,2,1,2,1
17,1,1,2,1
17,3,0,2,1
17,2,1,2,1
17,1,1,2,1
17,0,0,2,1
17,2,1,2,1
17,3,1,2,1
17,5,0,2,1
17,4,0,2,1
17,3,0,2,1
17,2,1,2,1
17,3,0,2,1
17,4,0,2,1
17,3,0,2,1
17,2,1,2,1
17,3,0,2,1
17,2,1,2,1
17,1,1,2,1
17,0,0,2,1
17,3,0,2,1
17,2,1,2,1
17,1,1,2,1
17,2,1,2,1
17,3,1,2,1
17,2,1,2,1
17,3,0,2,1
17,2,1,2,1
17,5,0,2,1
17,4,0,2,1
17,3,0,2,1
17,2,1,2,1
17,1,1,2,1
17,0,0,2,1
17,1,0,2,1
17,3,0,2,1
17,2,1,2,1
17,3,0,2,1
17,2,1,2,1
17,3,0,2,1
17,2,1,2,1
17,3,0,2,1
17,2,1,2,1
17,3,0,2,1
17,2,1,2,1
17,3,0,2,1
17,2,1,2,1
17,1,1,2,1
17,5,0,2,1
17,4,0,2,1
17,2,1,2,1
17,1,0,2,1
17,3,0,2,1
17,2,1,2,1
17,1,1,2,1
18,3,0,2,1
18,2,1,2,1
18,3,0,2,1
18,2,1,2,1
18,3,0,2,1
18,2,1,2,1
18,4,0,2,1
18,3,0,2,1
18,2,1,2,1
18,1,1,2,1
18,3,0,2,1
18,2,1,2,1
18,1,1,2,1
18,2,1,2,1
18,3,1,2,1
18,2,1,2,1
18,3,0,2,1
18,2,1,2,1
18,1,1,2,1
18,2,1,2,1
18,1,0,2,1
18,0,0,2,1
18,1,0,2,1
18,3,0,2,1
18,2,1,2,1
18,3,0,2,1
18,2,1,2,1
18,1,1,2,1
18,0,0,2,1
18,1,0,2,1
18,4,0,2,1
18,3,0,2,1
18,2,1,2,1
18,1,1,2,1
18,2,1,2,1
18,1,0,2,1
18,2,1,2,1
18,1,0,2,1
18,2,1,2,1
18,1,0,2,1
18,2,1,2,1
18,5,0,2,1
18,3,1,2,1
18,2,1,2,1
18,3,0,2,1
18,2,1,2,1
18,1,1,2,1
18,3,0,2,1
18,2,1,2,1
18,1,1,2,1
18,2,1,2,1
18,1,0,2,1
19,3,0,2,1
19,2,1,2,1
19,1,1,2,1
19,2,1,2,1
19,1,0,2,1
19,2,1,2,1
19,1,0,2,1
19,4,0,2,1
19,3,0,2,1
19,2,1,2,1
19,3,0,2,1
19,2,1,2,1
19,1,1,2,1
19,2,1,2,1
19,3,1,2,1
19,2,1,2,1
19,1,1,2,1
19,2,1,2,1
19,3,1,2,1
19,2,1,2,1
19,1,1,2,1
19,2,1,2,1
19,1,0,2,1
19,2,1,2,1
19,1,0,2,1
19,2,1,2,1
19,1,0,2,1
19,2,1,2,1
19,3,1,2,1
19,2,1,2,1
19,1,1,2,1
19,2,1,2,1
19,3,1,2,1
19,2,1,2,1
19,1,1,2,1
19,2,1,2,1
19,3,1,2,1
19,2,1,2,1
19,1,1,2,1
19,2,1,2,1
19,1,0,2,1
19,3,0,2,1
19,2,1,2,1
19,1,1,2,1
20,3,0,2,1
20,2,1,2,1
20,3,0,2,1
20,2,1,2,1
20,1,1,2,1
20,2,1,2,1
20,1,0,2,1
20,0,0,2,1
20,1,0,2,1
20,3,0,2,1
20,2,1,2,1
20,1,1,2,1
20,2,1,2,1
20,1,0,2,1
20,2,1,2,1
20,1,0,2,1
20,2,1,2,1
20,3,1,2,1
20,2,1,2,1
20,1,1,2,1
20,2,1,2,1
20,1,0,2,1
20,3,0,2,1
20,2,1,2,1
20,1,1,2,1
20,3,0,2,1
20,2,1,2,1
20,3,0,2,1
20,2,1,2,1
20,1,1,2,1
20,2,1,2,1
20,3,1,2,1
20,2,1,2,1
20,1,1,2,1
20,2,1,2,1
20,3,1,2,1
20,2,1,2,1
20,3,0,2,1
20,2,1,2,1
20,1,1,2,1
20,2,1,2,1
20,3,1,2,1
20,2,1,2,1
20,3,0,2,1
20,2,1,2,1
20,1,1,2,1
20,2,1,2,1
20,3,1,2,1
20,2,1,2,1
20,1,1,2,1
20,2,1,2,1
20,3,1,2,1
20,2,1,2,1
20,1,1,2,1
20,2,1,2,1
20,5,0,2,1
20,4,0,2,1
20,2,1,2,1
20,3,1,2,1
20,2,1,2,1
20,1,1,2,1
20,2,1,2,1
20,1,0,2,1
20,2,1,2,1
20,1,0,2,1
20,2,1,2,1
20,3,1,2,1
20,2,1,2,1
20,1,1,2,1
20,2,1,2,1
20,3,1,2,1
20,2,1,2,1
20,3,0,2,1
20,2,1,2,1
20,3,0,2,1
20,2,1,2,1
20,1,1,2,1
20,2,1,2,1
20,1,0,2,1
20,2,1,2,1
20,3,1,2,1
20,2,1,2,1
20,1,1,2,1
20,2,1,2,1
20,3,1,2,1
20,2,1,2,1
20,3,0,2,1
21,3,0,2,1
21,2,1,2,1
21,3,0,2,1
21,2,1,2,1
21,3,0,2,1
21,2,1,2,1
21,3,0,2,1
21,2,1,2,1
21,1,1,2,1
21,2,1,2,1
21,3,1,2,1
21,2,1,2,1
21,3,0,2,1
21,2,1,2,1
21,1,1,2,1
21,0,0,2,1
21,1,0,2,1
21,2,1,2,1
21,1,0,2,1
21,2,1,2,1
21,1,0,2,1
21,2,1,2,1
21,3,1,2,1
21,2,1,2,1
21,1,1,2,1
21,2,1,2,1
21,3,1,2,1
21,2,1,2,1
21,1,1,2,1
21,2,1,2,1
21,3,1,2,1
21,2,1,2,1
21,1,1,2,1
21,2,1,2,1
21,1,0,2,1
21,2,1,2,1
21,3,1,2,1
21,2,1,2,1
21,1,1,2,1
21,2,1,2,1
21,3,1,2,1
21,2,1,2,1
21,3,0,2,1
21,2,1,2,1
21,3,0,2,1
21,2,1,2,1
21,1,1,2,1
21,2,1,2,1
21,3,1,2,1
21,2,1,2,1
21,3,0,2,1
21,2,1,2,1
21,1,1,2,1
21,2,1,2,1
21,3,1,2,1
21,2,1,2,1
21,3,0,2,1
21,2,1,2,1
21,1,1,2,1
21,2,1,2,1
21,3,1,2,1
21,2,1,2,1
21,3,0,2,1
21,2,1,2,1
21,1,1,2,1
21,2,1,2,1
21,1,0,2,1
21,2,1,2,1
21,1,0,2,1
21,2,1,2,1
21,5,0,2,1
21,0,0,2,1
21,5,0,2,1
21,4,0,2,1
21,3,0,2,1
21,2,1,2,1
21,3,0,2,1
21,2,1,2,1
21,0,0,2,1
21,5,0,2,1
21,1,0,2,1
21,0,0,2,1
21,2,1,2,1
21,1,0,2,1
21,3,0,2,1
21,2,1,2,1
21,1,1,2,1
21,0,0,2,1
21,1,0,2,1
21,2,1,2,1
21,3,1,2,1
22,3,0,2,1
22,2,1,2,1
22,3,0,2,1
22,2,1,2,1
22,1,1,2,1
22,2,1,2,1
22,3,1,2,1
22,2,1,2,1
22,1,1,2,1
22,2,1,2,1
22,3,1,2,1
22,2,1,2,1
22,3,0,2,1
22,2,1,2,1
22,1,1,2,1
22,2,1,2,1
22,1,0,2,1
22,2,1,2,1
22,1,0,2,1
22,2,1,2,1
22,1,0,2,1
22,2,1,2,1
22,1,0,2,1
22,2,1,2,1
22,3,1,2,1
22,2,1,2,1
22,3,0,2,1
22,2,1,2,1
22,3,0,2,1
22,2,1,2,1
22,3,0,2,1
22,2,1,2,1
22,3,0,2,1
22,2,1,2,1
22,1,1,2,1
22,2,1,2,1
22,3,1,2,1
22,2,1,2,1
22,3,0,2,1
22,2,1,2,1
22,3,0,2,1
22,2,1,2,1
22,3,0,2,1
22,2,1,2,1
22,5,0,2,1
22,4,0,2,1
22,3,0,2,1
22,2,1,2,1
22,1,1,2,1
22,2,1,2,1
22,3,1,2,1
22,2,1,2,1
22,3,0,2,1
22,2,1,2,1
22,3,0,2,1
22,2,1,2,1
22,1,1,2,1
22,2,1,2,1
22,5,0,2,1
22,2,0,2,1
22,1,0,2,1
22,0,0,2,1
22,3,0,2,1
22,2,1,2,1
22,1,1,2,1
22,2,1,2,1
22,3,1,2,1
22,2,1,2,1
22,1,1,2,1
22,2,1,2,1
22,1,0,2,1
22,2,1,2,1
22,3,1,2,1
22,2,1,2,1
22,1,1,2,1
22,2,1,2,1
22,3,1,2,1
22,2,1,2,1
22,3,0,2,1
22,2,1,2,1
22,3,0,2,1
22,2,1,2,1
22,1,1,2,1
22,0,0,2,1
22,1,0,2,1
22,2,1,2,1
22,3,1,2,1
22,2,1,2,1
22,5,0,2,1
23,3,0,2,1
23,1,0,2,1
23,2,1,2,1
23,1,0,2,1
23,2,1,2,1
23,3,1,2,1
23,2,1,2,1
23,1,1,2,1
23,2,1,2,1
23,3,1,2,1
23,2,1,2,1
23,3,0,2,1
23,2,1,2,1
23,3,0,2,1
23,2,1,2,1
23,3,0,2,1
23,2,1,2,1
23,1,1,2,1
23,2,1,2,1
23,3,1,2,1
23,2,1,2,1
23,1,1,2,1
23,2,1,2,1
23,1,0,2,1
23,2,1,2,1
23,3,1,2,1
23,2,1,2,1
23,3,0,2,1
23,2,1,2,1
23,1,1,2,1
23,2,1,2,1
23,1,0,2,1
23,2,1,2,1
23,1,0,2,1
23,2,1,2,1
23,1,0,2,1
23,5,0,2,1
23,3,0,2,1
23,2,1,2,1
23,3,0,2,1
23,2,1,2,1
23,1,1,2,1
23,2,1,2,1
23,3,1,2,1
23,2,1,2,1
23,1,1,2,1
23,2,1,2,1
23,3,1,2,1
23,2,1,2,1
23,1,1,2,1
23,2,1,2,1
23,3,1,2,1
23,2,1,2,1
23,1,1,2,1
23,2,1,2,1
23,3,1,2,1
23,2,1,2,1
23,3,0,2,1
23,2,1,2,1
23,3,0,2,1
23,2,1,2,1
23,1,1,2,1
23,2,1,2,1
23,3,1,2,1
23,2,1,2,1
23,1,1,2,1
23,2,1,2,1
23,3,1,2,1
23,2,1,2,1
23,3,0,2,1
23,2,1,2,1
23,3,0,2,1
23,2,1,2,1
23,1,1,2,1
23,2,1,2,1
23,3,1,2,1
23,2,1,2,1
23,1,1,2,1
23,2,1,2,1
23,3,1,2,1
23,2,1,2,1
23,1,1,2,1
23,2,1,2,1
23,3,1,2,1
24,3,0,2,1
24,4,0,2,1
24,3,0,2,1
24,2,1,2,1
24,3,0,2,1
24,2,1,2,1
24,3,0,2,1
24,2,1,2,1
24,3,0,2,1
24,2,1,2,1
24,1,1,2,1
24,2,1,2,1
24,3,1,2,1
24,2,1,2,1
24,3,0,2,1
24,2,1,2,1
24,1,1,2,1
24,2,1,2,1
24,1,0,2,1
24,2,1,2,1
24,3,1,2,1
24,4,0,2,1
24,3,0,2,1
24,2,1,2,1
24,1,1,2,1
24,2,1,2,1
24,3,1,2,1
24,2,1,2,1
24,1,1,2,1
24,2,1,2,1
24,3,1,2,1
24,2,1,2,1
24,1,1,2,1
24,2,1,2,1
24,3,1,2,1
24,2,1,2,1
24,1,1,2,1
24,2,1,2,1
24,3,1,2,1
24,2,1,2,1
24,3,0,2,1
24,2,1,2,1
24,3,0,2,1
24,2,1,2,1
24,3,0,2,1
24,2,1,2,1
24,3,0,2,1
24,2,1,2,1
24,3,0,2,1
24,2,1,2,1
24,3,0,2,1
24,2,1,2,1
24,1,1,2,1
24,2,1,2,1
24,3,1,2,1
24,2,1,2,1
24,1,1,2,1
24,3,0,2,1
24,2,1,2,1
24,3,0,2,1
24,2,1,2,1
24,3,0,2,1
24,2,1,2,1
24,3,0,2,1
24,2,1,2,1
24,1,1,2,1
24,2,1,2,1
24,1,0,2,1
24,2,1,2,1
24,3,1,2,1
24,2,1,2,1
24,1,1,2,1
24,2,1,2,1
24,3,1,2,1
24,2,1,2,1
24,1,1,2,1
24,2,1,2,1
24,1,0,2,1
24,2,1,2,1
24,3,1,2,1
24,2,1,2,1
24,3,0,2,1
24,2,1,2,1
24,1,1,2,1
24,2,1,2,1
24,3,1,2,1
25,3,0,2,1
25,2,1,2,1
25,3,0,2,1
25,2,1,2,1
25,1,1,2,1
25,2,1,2,1
25,3,1,2,1
25,2,1,2,1
25,1,1,2,1
25,2,1,2,1
25,3,1,2,1
25,2,1,2,1
25,3,0,2,1
25,2,1,2,1
25,1,1,2,1
25,2,1,2,1
25,3,1,2,1
25,2,1,2,1
25,3,0,2,1
25,2,1,2,1
25,3,0,2,1
25,2,1,2,1
25,1,1,2,1
25,2,1,2,1
25,1,0,2,1
25,2,1,2,1
25,3,1,2,1
25,2,1,2,1
25,1,1,2,1
25,2,1,2,1
25,3,1,2,1
25,2,1,2,1
25,3,0,2,1
25,2,1,2,1
25,3,0,2,1
25,2,1,2,1
25,3,0,2,1
25,2,1,2,1
25,3,0,2,1
25,2,1,2,1
25,1,1,2,1
25,2,1,2,1
25,3,1,2,1
25,2,1,2,1
25,3,0,2,1
25,2,1,2,1
25,3,0,2,1
25,2,1,2,1
25,3,0,2,1
25,2,1,2,1
25,1,1,2,1
25,2,1,2,1
25,3,1,2,1
25,2,1,2,1
25,1,1,2,1
25,2,1,2,1
25,0,0,2,1
25,1,0,2,1
25,2,1,2,1
25,0,0,2,1
25,5,0,2,1
25,2,1,2,1
25,1,0,2,1
25,0,0,2,1
25,5,0,2,1
25,2,1,2,1
25,1,0,2,1
25,4,0,2,1
25,1,0,2,1
25,0,0,2,1
25,2,1,2,1
25,1,0,2,1
25,2,1,2,1
25,1,0,2,1
25,3,0,2,1
25,2,1,2,1
25,1,1,2,1
25,2,1,2,1
25,1,0,2,1
25,2,1,2,1
26,3,0,2,1
26,1,0,2,1
26,2,1,2,1
26,1,0,2,1
26,0,0,2,1
26,2,1,2,1
26,3,1,2,1
26,2,1,2,1
26,3,0,2,1
26,2,1,2,1
26,3,0,2,1
26,2,1,2,1
26,3,0,2,1
26,2,1,2,1
26,1,1,2,1
26,2,1,2,1
26,1,0,2,1
26,2,1,2,1
26,3,1,2,1
26,2,1,2,1
26,1,1,2,1
26,5,0,2,1
26,4,0,2,1
26,5,0,2,1
26,4,0,2,1
26,2,1,2,1
26,1,0,2,1
26,0,0,2,1
26,1,0,2,1
26,2,1,2,1
26,3,1,2,1
26,2,1,2,1
26,1,1,2,1
26,2,1,2,1
26,3,1,2,1
26,2,1,2,1
26,1,1,2,1
26,2,1,2,1
26,3,1,2,1
26,2,1,2,1
26,1,1,2,1
26,2,1,2,1
26,1,0,2,1
26,2,1,2,1
26,3,1,2,1
26,2,1,2,1
26,1,1,2,1
26,2,1,2,1
26,3,1,2,1
26,2,1,2,1
26,3,0,2,1
26,2,1,2,1
26,3,0,2,1
26,2,1,2,1
26,1,1,2,1
26,2,1,2,1
26,3,1,2,1
26,2,1,2,1
26,3,0,2,1
26,2,1,2,1
26,1,1,2,1
26,2,1,2,1
26,3,1,2,1
26,2,1,2,1
26,1,1,2,1
26,2,1,2,1
26,3,1,2,1
26,2,1,2,1
26,1,1,2,1
26,2,1,2,1
26,1,0,2,1
26,2,1,2,1
26,5,0,2,1
26,3,0,2,1
26,2,1,2,1
26,3,0,2,1
26,2,1,2,1
26,1,1,2,1
26,2,1,2,1
26,3,1,2,1
26,2,1,2,1
26,3,0,2,1
26,2,1,2,1
26,1,1,2,1
26,2,1,2,1
26,1,0,2,1
26,2,1,2,1
26,3,1,2,1
26,2,1,2,1
26,3,0,2,1
27,3,0,2,1
27,2,1,2,1
27,3,0,2,1
27,2,1,2,1
27,1,1,2,1
27,2,1,2,1
27,1,0,2,1
27,2,1,2,1
27,3,1,2,1
27,2,1,2,1
27,1,1,2,1
27,2,1,2,1
27,1,0,2,1
27,2,1,2,1
27,3,1,2,1
27,2,1,2,1
27,3,0,2,1
27,2,1,2,1
27,3,0,2,1
27,2,1,2,1
27,1,1,2,1
27,2,1,2,1
27,3,1,2,1
27,2,1,2,1
27,3,0,2,1
27,2,1,2,1
27,1,1,2,1
27,2,1,2,1
27,3,1,2,1
27,2,1,2,1
27,3,0,2,1
27,2,1,2,1
27,3,0,2,1
27,2,1,2,1
27,3,0,2,1
27,2,1,2,1
27,3,0,2,1
27,5,0,2,1
27,4,0,2,1
27,3,0,2,1
27,2,1,2,1
27,1,1,2,1
27,2,1,2,1
27,3,1,2,1
27,2,1,2,1
27,1,1,2,1
27,2,1,2,1
27,1,0,2,1
27,2,1,2,1
27,3,1,2,1
27,2,1,2,1
27,3,0,2,1
27,2,1,2,1
27,1,1,2,1
27,2,1,2,1
27,1,0,2,1
27,2,1,2,1
27,3,1,2,1
27,2,1,2,1
27,1,1,2,1
27,2,1,2,1
27,1,0,2,1
27,2,1,2,1
27,3,1,2,1
27,4,0,2,1
27,3,0,2,1
27,2,1,2,1
27,1,1,2,1
27,2,1,2,1
27,1,0,2,1
27,2,1,2,1
27,3,1,2,1
27,2,1,2,1
27,3,0,2,1
27,2,1,2,1
27,1,1,2,1
27,2,1,2,1
27,1,0,2,1
27,2,1,2,1
27,3,1,2,1
27,2,1,2,1
27,1,1,2,1
27,2,1,2,1
27,3,1,2,1
27,2,1,2,1
27,3,0,2,1
28,3,0,2,1
28,2,1,2,1
28,1,1,2,1
28,2,1,2,1
28,3,1,2,1
28,2,1,2,1
28,3,0,2,1
28,2,1,2,1
28,1,1,2,1
28,2,1,2,1
28,1,0,2,1
28,2,1,2,1
28,3,1,2,1
28,2,1,2,1
28,1,1,2,1
28,2,1,2,1
28,3,1,2,1
28,2,1,2,1
28,1,1,2,1
28,2,1,2,1
28,3,1,2,1
28,2,1,2,1
28,1,1,2,1
28,2,1,2,1
28,3,1,2,1
28,2,1,2,1
28,1,1,2,1
28,2,1,2,1
28,3,1,2,1
28,2,1,2,1
28,1,1,2,1
28,2,1,2,1
28,3,1,2,1
28,2,1,2,1
28,3,0,2,1
28,2,1,2,1
28,1,1,2,1
28,2,1,2,1
28,3,1,2,1
28,2,1,2,1
28,1,1,2,1
28,2,1,2,1
28,3,1,2,1
28,2,1,2,1
28,3,0,2,1
28,2,1,2,1
28,1,1,2,1
28,2,1,2,1
28,3,1,2,1
28,2,1,2,1
28,1,1,2,1
28,2,1,2,1
28,3,1,2,1
28,2,1,2,1
28,1,1,2,1
28,2,1,2,1
28,3,1,2,1
28,2,1,2,1
28,1,1,2,1
28,0,0,2,1
28,5,0,2,1
28,2,1,2,1
28,1,0,2,1
28,5,0,2,1
28,2,1,2,1
28,0,0,2,1
28,5,0,2,1
28,0,0,2,1
28,2,1,2,1
28,3,1,2,1
28,2,1,2,1
28,3,0,2,1
28,2,1,2,1
28,1,1,2,1
28,0,0,2,1
28,2,1,2,1
29,3,0,2,1
29,2,1,2,1
29,1,1,2,1
29,2,1,2,1
29,1,0,2,1
29,2,1,2,1
29,3,1,2,1
29,2,1,2,1
29,3,0,2,1
29,2,1,2,1
29,5,0,2,1
29,4,0,2,1
29,2,1,2,1
29,1,1,2,1
29,2,1,2,1
29,1,0,2,1
29,2,1,2,1
29,3,1,2,1
29,2,1,2,1
29,1,1,2,1
29,2,1,2,1
29,3,1,2,1
29,2,1,2,1
29,1,1,2,1
29,2,1,2,1
29,3,1,2,1
29,2,1,2,1
29,5,0,2,1
29,3,0,2,1
29,2,1,2,1
29,1,1,2,1
29,2,1,2,1
29,1,0,2,1
29,2,1,2,1
29,3,1,2,1
29,2,1,2,1
29,1,1,2,1
29,2,1,2,1
29,1,0,2,1
29,2,1,2,1
29,3,1,2,1
29,2,1,2,1
29,1,1,2,1
29,2,1,2,1
29,3,1,2,1
29,2,1,2,1
29,1,1,2,1
29,2,1,2,1
29,3,1,2,1
29,2,1,2,1
29,1,1,2,1
29,2,1,2,1
29,3,1,2,1
29,2,1,2,1
29,1,1,2,1
29,2,1,2,1
29,1,0,2,1
29,2,1,2,1
29,3,1,2,1
29,2,1,2,1
29,1,1,2,1
29,2,1,2,1
29,3,1,2,1
29,2,1,2,1
29,3,0,2,1
29,2,1,2,1
29,1,1,2,1
29,2,1,2,1
29,1,0,2,1
29,2,1,2,1
29,3,1,2,1
29,2,1,2,1
29,1,1,2,1
29,2,1,2,1
29,3,1,2,1
29,2,1,2,1
29,3,0,2,1
29,2,1,2,1
29,1,1,2,1
29,2,1,2,1
29,3,1,2,1
29,2,1,2,1
29,3,0,2,1
30,3,0,2,1
30,2,1,2,1
30,1,1,2,1
30,2,1,2,1
30,1,0,2,1
30,2,1,2,1
30,3,1,2,1
30,2,1,2,1
30,1,1,2,1
30,2,1,2,1
30,3,1,2,1
30,2,1,2,1
30,3,0,2,1
30,2,1,2,1
30,3,0,2,1
30,2,1,2,1
30,1,1,2,1
30,2,1,2,1
30,3,1,2,1
30,2,1,2,1
30,3,0,2,1
30,2,1,2,1
30,1,1,2,1
30,2,1,2,1
30,3,1,2,1
30,2,1,2,1
30,1,1,2,1
30,2,1,2,1
30,3,1,2,1
30,2,1,2,1
30,1,1,2,1
30,2,1,2,1
30,3,1,2,1
30,2,1,2,1
30,3,0,2,1
30,2,1,2,1
30,3,0,2,1
30,2,1,2,1
30,1,1,2,1
30,2,1,2,1
30,3,1,2,1
30,2,1,2,1
30,1,1,2,1
30,2,1,2,1
30,3,1,2,1
30,2,1,2,1
30,3,0,2,1
30,2,1,2,1
30,1,1,2,1
30,2,1,2,1
30,3,1,2,1
30,2,1,2,1
30,1,1,2,1
30,2,1,2,1
30,3,1,2,1
30,2,1,2,1
30,3,0,2,1
30,2,1,2,1
30,1,1,2,1
30,2,1,2,1
30,3,1,2,1
30,2,1,2,1
30,1,1,2,1
30,2,1,2,1
30,1,0,2,1
30,2,1,2,1
30,3,1,2,1
30,2,1,2,1
30,1,1,2,1
30,2,1,2,1
30,3,1,2,1
30,2,1,2,1
30,1,1,2,1
30,2,1,2,1
30,3,1,2,1
30,2,1,2,1
30,1,1,2,1
30,2,1,2,1
30,1,0,2,1
30,2,1,2,1
30,3,1,2,1
31,3,0,2,1
31,2,1,2,1
31,1,1,2,1
31,0,0,2,1
31,1,0,2,1
31,2,1,2,1
31,3,1,2,1
31,2,1,2,1
31,3,0,2,1
31,2,1,2,1
31,3,0,2,1
31,2,1,2,1
31,1,1,2,1
31,2,1,2,1
31,3,1,2,1
31,2,1,2,1
31,1,1,2,1
31,2,1,2,1
31,3,1,2,1
31,2,1,2,1
31,3,0,2,1
31,2,1,2,1
31,1,1,2,1
31,2,1,2,1
31,3,1,2,1
31,2,1,2,1
31,1,1,2,1
31,2,1,2,1
31,3,1,2,1
31,2,1,2,1
31,1,1,2,1
31,2,1,2,1
31,3,1,2,1
31,2,1,2,1
31,3,0,2,1
31,2,1,2,1
31,1,1,2,1
31,2,1,2,1
31,1,0,2,1
31,2,1,2,1
31,3,1,2,1
31,2,1,2,1
31,3,0,2,1
31,2,1,2,1
31,1,1,2,1
31,2,1,2,1
31,3,1,2,1
31,2,1,2,1
31,1,1,2,1
31,2,1,2,1
31,1,0,2,1
31,2,1,2,1
31,3,1,2,1
31,2,1,2,1
31,1,1,2,1
31,2,1,2,1
31,3,1,2,1
31,2,1,2,1
31,1,1,2,1
31,2,1,2,1
31,3,1,2,1
31,2,1,2,1
31,1,1,2,1
31,2,1,2,1
31,3,1,2,1
31,4,0,2,1
31,3,0,2,1
31,2,1,2,1
31,1,1,2,1
31,2,1,2,1
31,3,1,2,1
31,5,0,2,1
31,0,0,2,1
31,1,0,2,1
31,2,1,2,1
31,3,1,2,1
31,2,1,2,1
31,1,1,2,1
31,2,1,2,1
31,1,0,2,1
31,3,0,2,1
31,2,1,2,1
31,3,0,2,1
31,2,1,2,1
31,1,1,2,1
31,5,0,2,1
31,2,1,2,1
31,1,0,2,1
31,2,1,2,1
